1 -0.005776 -0.202857 -0.999956
2 -0.00691 0.202679 -0.863134
3 0.243134 -0.201543 -0.970364
4 0.207938 0.203813 -0.837592
5 0.476866 -0.200306 -0.8798
6 0.409683 0.204881 -0.759421
7 0.680731 -0.199223 -0.733953
8 0.58565 0.205816 -0.633534
9 0.841922 -0.198362 -0.541989
10 0.724782 0.206559 -0.467839
11 0.95031 -0.197778 -0.315968
12 0.818338 0.207064 -0.272749
13 0.999085 -0.197506 -0.070093
14 0.860437 0.207298 -0.060522
15 0.985181 -0.197565 0.180188
16 0.848436 0.207247 0.155508
17 0.909472 -0.19795 0.419148
18 0.783088 0.206915 0.361767
19 0.776716 -0.198638 0.631772
20 0.6685 0.206321 0.545294
21 0.595254 -0.199584 0.804701
22 0.511871 0.205504 0.694557
23 0.376489 -0.20073 0.927068
24 0.323042 0.204515 0.800179
25 0.134164 -0.202004 0.991186
26 0.11388 0.203416 0.855522
27 -0.116492 -0.203325 0.993025
28 -0.102474 0.202276 0.857109
29 -0.359731 -0.204611 0.932469
30 -0.312426 0.201166 0.804841
31 -0.580268 -0.20578 0.813324
32 -0.502783 0.200156 0.702001
33 -0.764247 -0.20676 0.643076
34 -0.661585 0.199311 0.555051
35 -0.900108 -0.207488 0.432422
36 -0.778854 0.198682 0.373225
37 -0.979314 -0.207919 0.194599
38 -0.84722 0.19831 0.167947
39 -0.996887 -0.208026 -0.055451
40 -0.862389 0.198217 -0.047884
41 -0.951725 -0.207803 -0.302015
42 -0.823407 0.198411 -0.260706
43 -0.846665 -0.207262 -0.529602
44 -0.732724 0.198877 -0.457148
45 -0.688307 -0.206439 -0.72391
46 -0.596037 0.199588 -0.624865
47 -0.486603 -0.205384 -0.872732
48 -0.421936 0.200498 -0.753321
49 -0.254225 -0.204165 -0.966716
50 -0.221359 0.201551 -0.834443
51 0.240997 0.20398 -0.970388
52 -0.007913 0.202666 -0.999979
53 0.474728 0.205217 -0.879823
54 0.678594 0.2063 -0.733977
55 0.839785 0.207161 -0.542012
56 0.948173 0.207745 -0.315991
57 0.996947 0.208017 -0.070116
58 0.983043 0.207958 0.180165
59 0.907335 0.207573 0.419124
60 0.774579 0.206885 0.631749
61 0.593117 0.205939 0.804677
62 0.374351 0.204793 0.927045
63 0.132027 0.203519 0.991162
64 -0.118629 0.202198 0.993001
65 -0.361868 0.200913 0.932446
66 -0.582406 0.199743 0.813301
67 -0.766385 0.198764 0.643053
68 -0.902246 0.198035 0.432399
69 -0.981451 0.197604 0.194575
70 -0.999025 0.197497 -0.055474
71 -0.953863 0.197721 -0.302039
72 -0.848802 0.198261 -0.529625
73 -0.690445 0.199085 -0.723934
74 -0.48874 0.200139 -0.872756
75 -0.256363 0.201359 -0.966739
76 0.208516 0.094086 -0.837586
77 -0.006331 0.092953 -0.863128
78 0.410261 0.095154 -0.759415
79 0.586228 0.096089 -0.633528
80 0.725361 0.096832 -0.467833
81 0.818916 0.097337 -0.272743
82 0.861015 0.097571 -0.060515
83 0.849014 0.09752 0.155515
84 0.783667 0.097188 0.361773
85 0.669078 0.096594 0.5453
86 0.512449 0.095777 0.694564
87 0.323621 0.094788 0.800185
88 0.114458 0.093689 0.855529
89 -0.101896 0.092549 0.857116
90 -0.311848 0.091439 0.804847
91 -0.502205 0.09043 0.702007
92 -0.661007 0.089584 0.555057
93 -0.778275 0.088955 0.373231
94 -0.846642 0.088583 0.167953
95 -0.861811 0.088491 -0.047877
96 -0.822829 0.088684 -0.2607
97 -0.732145 0.08915 -0.457141
98 -0.595459 0.089861 -0.624859
99 -0.421357 0.090771 -0.753315
100 -0.220781 0.091824 -0.834437
101 -0.040418 0.045431 -0.579852
102 -0.040802 0.118257 -0.579856
103 -0.055025 0.032428 -0.820242
104 -0.055545 0.131077 -0.820248
105 0.032407 0.045814 -0.580386
106 0.032023 0.118641 -0.58039
107 0.043622 0.032948 -0.820966
108 0.043102 0.131597 -0.820971
109 0.254954 0.046991 -0.5225
110 0.25457 0.119818 -0.522505
111 0.362507 0.034634 -0.738022
112 0.361987 0.133283 -0.738027
113 0.318289 0.047327 -0.48655
114 0.317905 0.120153 -0.486554
115 0.448299 0.035089 -0.689324
116 0.447779 0.133738 -0.68933
117 0.482078 0.0482 -0.325144
118 0.481694 0.121026 -0.325149
119 0.68299 0.036339 -0.458048
120 0.68247 0.134988 -0.458054
121 0.518953 0.048398 -0.262343
122 0.518569 0.121224 -0.262347
123 0.73294 0.036608 -0.372978
124 0.73242 0.135256 -0.372984
125 0.580096 0.048733 -0.040666
126 0.579712 0.121559 -0.04067
127 0.820552 0.037088 -0.05534
128 0.820032 0.135737 -0.055346
129 0.58063 0.04874 0.03216
130 0.580247 0.121566 0.032156
131 0.821275 0.037097 0.043308
132 0.820755 0.135746 0.043302
133 0.522745 0.048448 0.25471
134 0.522361 0.121274 0.254706
135 0.738332 0.036679 0.362197
136 0.737812 0.135328 0.362192
137 0.486796 0.048262 0.318046
138 0.486412 0.121088 0.318042
139 0.689636 0.036427 0.44799
140 0.689116 0.135076 0.447985
141 0.325392 0.04742 0.481837
142 0.325008 0.120247 0.481833
143 0.458362 0.035221 0.682685
144 0.457842 0.13387 0.682679
145 0.262591 0.047092 0.518713
146 0.262207 0.119918 0.518709
147 0.373294 0.034776 0.732635
148 0.372774 0.133425 0.73263
149 0.040917 0.045927 0.579857
150 0.040533 0.118753 0.579853
151 0.05566 0.033107 0.820249
152 0.05514 0.131756 0.820243
153 -0.031908 0.045543 0.580392
154 -0.032291 0.118369 0.580387
155 -0.042986 0.032587 0.820972
156 -0.043506 0.131236 0.820966
157 -0.254454 0.044366 0.522506
158 -0.254838 0.117193 0.522501
159 -0.361871 0.030901 0.738028
160 -0.362391 0.12955 0.738022
161 -0.31779 0.04403 0.486555
162 -0.318173 0.116857 0.486551
163 -0.447663 0.030446 0.689331
164 -0.448183 0.129095 0.689325
165 -0.481578 0.043158 0.32515
166 -0.481962 0.115984 0.325145
167 -0.682354 0.029196 0.458055
168 -0.682874 0.127845 0.458049
169 -0.518453 0.04296 0.262348
170 -0.518837 0.115786 0.262344
171 -0.732304 0.028927 0.372985
172 -0.732824 0.127576 0.372979
173 -0.579597 0.042625 0.040671
174 -0.579981 0.115451 0.040667
175 -0.819916 0.028447 0.055347
176 -0.820436 0.127096 0.055341
177 -0.580131 0.042618 -0.032155
178 -0.580515 0.115444 -0.032159
179 -0.820639 0.028438 -0.043301
180 -0.821159 0.127087 -0.043307
181 -0.522246 0.04291 -0.254705
182 -0.52263 0.115736 -0.254709
183 -0.737697 0.028856 -0.36219
184 -0.738217 0.127505 -0.362196
185 -0.486296 0.043096 -0.318041
186 -0.48668 0.115922 -0.318045
187 -0.689 0.029108 -0.447983
188 -0.68952 0.127757 -0.447989
189 -0.324892 0.043937 -0.481832
190 -0.325276 0.116763 -0.481836
191 -0.457727 0.030314 -0.682678
192 -0.458247 0.128962 -0.682684
193 -0.262091 0.044266 -0.518707
194 -0.262475 0.117092 -0.518712
195 -0.372658 0.030759 -0.732628
196 -0.373178 0.129408 -0.732634
197 -0.003937 0.094708 -0.535445
198 -0.004164 0.137908 -0.535448
199 0.035823 0.09492 -0.485912
200 0.035596 0.13812 -0.485914
201 0.035129 0.094948 0.058078
202 0.034901 0.138148 0.058076
203 -0.034292 0.094582 0.058588
204 -0.034519 0.137782 0.058585
205 -0.042966 0.094505 -0.485334
206 -0.043193 0.137705 -0.485336
207 -0.002707 0.140214 -0.335088
208 -0.002934 0.183413 -0.33509
209 0.034114 0.14041 -0.30445
210 0.033886 0.183609 -0.304452
211 0.032182 0.140418 0.02538
212 0.031954 0.183618 0.025378
213 -0.032304 0.140079 0.025853
214 -0.032531 0.183278 0.025851
215 -0.039074 0.140024 -0.303913
216 -0.039302 0.183223 -0.303915
217 -0.00012 -0.040655 -0.112401
218 -0.001305 0.184166 -0.112414
219 0.034656 -0.040471 -0.107154
220 0.033471 0.184349 -0.107167
221 0.066109 -0.040304 -0.091417
222 0.064924 0.184516 -0.091431
223 0.091159 -0.040171 -0.066732
224 0.089974 0.18465 -0.066745
225 0.107355 -0.040084 -0.035513
226 0.10617 0.184737 -0.035526
227 0.113112 -0.040051 -0.000817
228 0.111927 0.184769 -0.00083
229 0.107865 -0.040077 0.03396
230 0.10668 0.184743 0.033947
231 0.092129 -0.040158 0.065413
232 0.090944 0.184662 0.0654
233 0.067443 -0.040287 0.090464
234 0.066258 0.184534 0.090451
235 0.036225 -0.04045 0.10666
236 0.035039 0.18437 0.106647
237 0.001529 -0.040633 0.112416
238 0.000344 0.184188 0.112403
239 -0.033247 -0.040816 0.10717
240 -0.034432 0.184004 0.107157
241 -0.0647 -0.040983 0.091433
242 -0.065885 0.183837 0.09142
243 -0.08975 -0.041117 0.066747
244 -0.090935 0.183704 0.066734
245 -0.105946 -0.041204 0.035528
246 -0.107131 0.183617 0.035515
247 -0.111703 -0.041236 0.000832
248 -0.112888 0.183584 0.000819
249 -0.106456 -0.041211 -0.033944
250 -0.107641 0.18361 -0.033957
251 -0.090719 -0.041129 -0.065397
252 -0.091904 0.183691 -0.06541
253 -0.066034 -0.041001 -0.090448
254 -0.067219 0.18382 -0.090461
255 -0.034815 -0.040837 -0.106644
256 -0.036 0.183983 -0.106658
Faces:
1 52 51 3.
3 51 53 5.
5 53 54 7.
7 54 55 9.
9 55 56 11.
11 56 57 13.
13 57 58 15.
15 58 59 17.
17 59 60 19.
19 60 61 21.
21 61 62 23.
23 62 63 25.
25 63 64 27.
27 64 65 29.
29 65 66 31.
31 66 67 33.
33 67 68 35.
35 68 69 37.
37 69 70 39.
39 70 71 41.
41 71 72 43.
43 72 73 45.
45 73 74 47.
22 20 85 86.
47 74 75 49.
49 75 52 1.
1 3 5 7 9 11 13 15 17 19 21 23 25 27 29 31 33 35 37 39 41 43 45 47 49.
2 4 51 52.
4 6 53 51.
6 8 54 53.
8 10 55 54.
10 12 56 55.
12 14 57 56.
14 16 58 57.
16 18 59 58.
18 20 60 59.
20 22 61 60.
22 24 62 61.
24 26 63 62.
26 28 64 63.
28 30 65 64.
30 32 66 65.
32 34 67 66.
34 36 68 67.
36 38 69 68.
38 40 70 69.
40 42 71 70.
42 44 72 71.
44 46 73 72.
46 48 74 73.
48 50 75 74.
50 2 52 75.
76 77 100 99 98 97 96 95 94 93 92 91 90 89 88 87 86 85 84 83 82 81 80 79 78.
2 50 100 77.
8 6 78 79.
38 36 93 94.
24 22 86 87.
10 8 79 80.
40 38 94 95.
26 24 87 88.
12 10 80 81.
42 40 95 96.
28 26 88 89.
14 12 81 82.
44 42 96 97.
30 28 89 90.
16 14 82 83.
46 44 97 98.
32 30 90 91.
18 16 83 84.
48 46 98 99.
4 2 77 76.
34 32 91 92.
20 18 84 85.
50 48 99 100.
6 4 76 78.
36 34 92 93.
101 102 104 103.
103 104 108 107.
107 108 106 105.
105 106 102 101.
103 107 105 101.
108 104 102 106.
109 110 112 111.
111 112 116 115.
115 116 114 113.
113 114 110 109.
111 115 113 109.
116 112 110 114.
117 118 120 119.
119 120 124 123.
123 124 122 121.
121 122 118 117.
119 123 121 117.
124 120 118 122.
125 126 128 127.
127 128 132 131.
131 132 130 129.
129 130 126 125.
127 131 129 125.
132 128 126 130.
133 134 136 135.
135 136 140 139.
139 140 138 137.
137 138 134 133.
135 139 137 133.
140 136 134 138.
141 142 144 143.
143 144 148 147.
147 148 146 145.
145 146 142 141.
143 147 145 141.
148 144 142 146.
149 150 152 151.
151 152 156 155.
155 156 154 153.
153 154 150 149.
151 155 153 149.
156 152 150 154.
157 158 160 159.
159 160 164 163.
163 164 162 161.
161 162 158 157.
159 163 161 157.
164 160 158 162.
165 166 168 167.
167 168 172 171.
171 172 170 169.
169 170 166 165.
167 171 169 165.
172 168 166 170.
173 174 176 175.
175 176 180 179.
179 180 178 177.
177 178 174 173.
175 179 177 173.
180 176 174 178.
181 182 184 183.
183 184 188 187.
187 188 186 185.
185 186 182 181.
183 187 185 181.
188 184 182 186.
189 190 192 191.
191 192 196 195.
195 196 194 193.
193 194 190 189.
191 195 193 189.
196 192 190 194.
197 198 200 199.
199 200 202 201.
201 202 204 203.
200 198 206 204 202.
203 204 206 205.
205 206 198 197.
197 199 201 203 205.
207 208 210 209.
209 210 212 211.
211 212 214 213.
210 208 216 214 212.
213 214 216 215.
215 216 208 207.
207 209 211 213 215.
217 218 220 219.
219 220 222 221.
221 222 224 223.
223 224 226 225.
225 226 228 227.
227 228 230 229.
229 230 232 231.
231 232 234 233.
233 234 236 235.
235 236 238 237.
237 238 240 239.
239 240 242 241.
241 242 244 243.
243 244 246 245.
245 246 248 247.
247 248 250 249.
249 250 252 251.
251 252 254 253.
220 218 256 254 252 250 248 246 244 242 240 238 236 234 232 230 228 226 224 222.
253 254 256 255.
255 256 218 217.
217 219 221 223 225 227 229 231 233 235 237 239 241 243 245 247 249 251 253 255.
